0;0;0;0;0;0;0
0;0;0;0;0;0;0
1;348752692850;03101999;kevin@gmail.com;kevin;ryan;kevinryan